---
maxVel: 100.0
maxAccel: 80.0
maxAngVel: 3.141592653589793
maxAngAccel: 3.141592653589793
robotLength: 12.0
robotWidth: 12.0
driveType: "MECANUM"
trackWidth: 12.0
wheelBase: 12.0
lateralMultiplier: 1.0
