---
startPose:
  x: 0.0
  y: 65.0
  heading: -1.5707963267948966
startTangent: 0.0
waypoints:
- position:
    x: 24.0
    y: 65.0
  heading: 0.0
  tangent: 0.0
  interpolationType: "TANGENT"
- position:
    x: 43.0
    y: 48.0
  heading: 0.0
  tangent: -0.7853981633974483
  interpolationType: "TANGENT"
- position:
    x: 65.0
    y: 24.0
  heading: 0.0
  tangent: -1.5707963267948966
  interpolationType: "TANGENT"
- position:
    x: 65.0
    y: 12.0
  heading: 0.0
  tangent: -1.5707963267948966
  interpolationType: "TANGENT"
resolution: 0.01
version: 1
